11.937316267176971
10.573234278307417
12.003433400344317
10.01150572790258
9.940695773531687
5.292992572584534
11.355474247929328
12.003192209629375
12.145572827641558
8.21180886571059
14.517744942117663
10.298576101681313
12.127748213895295
11.053675443818591
11.799791744426614
9.23013675737523
8.544404245433821
11.754829651949567
11.290011391373486
12.501576510389967
8.811425058380863
9.61169528430369
9.946651360647774
10.908452399902087
12.756081731477215
6.745000438536643
10.134673333957053
12.471527735329733
11.557007752583427
8.147106880602644


Moyenne : 10.589444771631365
Variance : 3.7633967794887693
Ecart Type : 1.9399476228725272
